zotu	CIB1_4	CIB2_4	CIB3_4	CIB4_4	CIB5_4	CIB1_5	CIB2_5	CIB3_5	CIB4_5	CIB5_5	CIB1_6	CIB2_6	CIB3_6	CIB4_6	CIB5_6	CIB1_7	CIB2_7	CIB3_7	CIB4_7	CIB5_7	CIB1_8	CIB2_8	CIB3_8	CIB4_8	CIB1_12	CIB2_12	CIB3_12	TOB1_5	TOB2_5	TOB3_5	TOB4_5	TOB5_5	TOB1_6	TOB2_6	TOB3_6	TOB4_6	TOB5_6	TOB1_7	TOB2_7	TOB3_7	TOB4_7	TOB1_8	TOB2_8	TOB3_8	TOB3_12
zOTU17:Endozoicomonas	12	10021	1	1	0	4	4017	11	1	0	1	2062	1	0	0	0	82	0	0	0	1	75	0	0	0	0	0	0	0	0	0	0	0	0	0	0	0	0	0	0	1	0	1	0	0
zOTU48:Rubritalea	3	9	0	0	1	12	0	0	4	42	2	6	0	13	1	16	1073	517	58	24	0	0	5	78	3	0	1	0	0	1	0	0	0	2	0	7	5	1	0	0	11	79	1	0	1
zOTU53:Marinimicrobia (SAR406 clade)	7	15	0	3	2	7	29	2	3	2	31	0	0	0	0	0	0	0	0	0	7	59	4	1	21	3	1	0	3	0	0	1	0	4	0	0	2	0	0	4	0	0	0	5	1
zOTU55:CrystalBog021C3	0	0	0	1	67	2	6	0	0	162	0	0	0	0	66	0	170	0	0	4	0	0	0	0	0	47	0	0	0	0	0	0	4	0	0	0	0	0	0	0	0	0	0	0	0
zOTU68:Surface 1	34	42	9	7	2	20	17	2	7	1	15	12	0	1	0	1	13	9	5	0	1	6	2	0	29	1	0	0	0	0	1	0	10	0	0	1	1	11	8	1	0	0	0	0	0
zOTU79:Surface 1 (unclassified)	31	24	9	3	2	32	10	7	1	3	19	11	4	0	0	0	5	2	0	0	8	29	3	0	8	2	1	0	1	1	0	1	5	7	1	12	5	0	3	0	1	0	2	3	0
zOTU81:Surface 1	44	26	9	3	4	12	8	9	1	5	35	0	2	0	0	0	7	3	0	0	5	18	5	0	6	1	0	0	0	0	0	1	3	4	1	4	2	1	0	0	0	0	0	12	0
zOTU90:Endozoicomonas	121	1159	17	4	4	21	522	8	1	0	1	462	0	0	0	0	6	0	0	0	0	1	0	0	5	1	0	0	0	0	0	1	0	4	0	1	0	0	1	0	0	0	2	0	0
zOTU104:Polaribacter 4	83	0	0	73	0	0	0	0	0	0	1	0	1	6	0	0	2	4	461	1	0	0	3	97	4	41	0	0	0	0	0	0	0	0	0	0	0	0	0	0	0	0	0	0	1
zOTU105:Prochlorococcus	1	10	0	2	0	1	9	1	1	0	5	7	0	0	0	0	0	0	0	0	3	50	2	1	9	4	0	0	0	0	0	0	0	0	0	0	0	0	0	0	0	0	0	6	0
zOTU279:Tenacibaculum	0	12	0	0	0	14	15	2	3	13	8	1	6	0	0	2	15	2	10	2	0	3	0	20	0	0	0	0	0	0	0	0	0	0	0	0	5	0	1	0	7	1	0	0	0
zOTU964:Synechococcus	7	2	1	0	1	0	1	1	1	1	0	0	1	0	0	0	0	1	0	0	0	0	1	0	4	1	1	0	0	0	0	0	1	0	0	0	0	0	0	0	0	0	0	0	0
zOTU1418:Gammaproteobacteria (unclassified)	9	2	0	0	3	22	9	1	2	3	1	5	0	0	0	2	1	0	2	0	2	1	0	1	1	0	1	0	0	0	0	0	0	1	0	0	3	0	4	0	0	1	0	0	0
zOTU1520:Gammaproteobacteria (unclassified)	3	4	0	0	0	0	8	1	3	3	5	1	1	0	0	1	2	5	9	7	0	0	1	31	1	0	1	0	0	0	0	0	0	1	0	0	0	0	0	0	0	1	0	0	0
zOTU1:Endozoicomonas	85	5	2	291	140	57	6	13	110	664	221	34	1	299	118	59	1	1	2323	13	797	27	17	59	180	1	37	1134	2071	508	259	2859	37	54	177	214	398	191	871	432	9	16	82	51	70
zOTU10:Endozoicomonas	4	0	0	0	12	12	0	1	1	63	61	1	1	2	2	0	0	0	13	0	182	12	1	1	57	0	9	351	601	111	49	676	12	0	11	43	90	2	189	91	0	0	1	0	19
zOTU14:Endozoicomonas	34	29	10	2	1118	74	171	93	23	1993	103	0	7	5	2491	156	1	262	33	1519	1038	3	724	28	125	11	47	53	103	42	27	40	576	730	180	684	116	275	1593	136	72	16	2463	1770	170
zOTU15:Endozoicomonas	105	4	5	360	15	54	33	117	406	111	77	0	13	764	615	5	0	57	234	340	78	11	688	447	24	0	9	47	67	253	413	423	184	603	715	1768	684	516	565	206	263	91	2844	1924	243
zOTU16:Endozoicomonas	30	1	4	114	120	3	0	1	17	175	19	0	0	60	468	0	0	283	3	521	595	14	4	3	20	1	0	256	164	33	252	109	362	197	18	175	165	582	7	22	158	38	48	36	101
zOTU22:Endozoicomonas	12	0	5	1	383	28	47	43	6	749	35	1	0	1	1010	80	0	101	16	585	493	2	362	14	43	2	14	32	37	21	12	17	194	334	65	326	48	64	657	59	25	12	920	865	76
zOTU26:Endozoicomonas	29	0	1	139	1	19	0	10	437	103	14	0	8	374	432	0	0	26	87	228	29	6	126	265	6	0	1	4	6	33	19	29	433	101	142	265	60	103	146	63	30	8	360	224	24
zOTU47:Endozoicomonas	10	1	9	103	26	2	0	1	35	14	1	3	2	8	1	2	0	2	2	2	2	0	4	20	12	0	0	9	0	1	4	21	34	429	15	134	44	14	1	4	30	13	13	6	11
zOTU51:Endozoicomonas	69	3	7	148	211	7	3	7	19	125	0	1	0	19	395	0	0	3	11	291	77	0	46	10	10	0	0	5	5	3	14	14	27	74	47	113	15	42	66	29	46	5	357	79	3
zOTU113:Endozoicomonas	0	0	3	0	0	0	0	0	0	0	0	0	0	0	0	0	0	1	0	1	0	4	0	0	0	0	0	1	1	3	3	9	0	8	0	60	4	1	0	0	0	1	0	0	0
zOTU124:Endozoicomonas	2	0	0	9	0	1	0	0	0	0	4	0	0	0	1	2	1	0	0	1	5	2	0	0	2	1	0	1	1	1	6	7	8	3	11	15	6	5	3	2	0	0	12	11	0
zOTU188:Simkaniaceae (unclassified)	1	0	0	0	0	0	0	0	0	0	5	3	0	0	3	1	0	0	1	19	0	0	0	0	3	1	0	0	6	16	0	0	6	0	54	0	9	30	68	56	6	34	5	0	0
zOTU496:Endozoicomonas	2	0	0	1	0	0	0	0	0	1	1	0	0	0	0	0	0	0	1	0	0	0	0	0	0	0	0	0	0	0	2	1	0	4	2	0	0	6	0	1	0	0	3	4	0
zOTU1489:Oceanospirillales (unclassified)	21	1	2	2	0	1	5	0	0	0	0	0	0	0	0	0	0	0	0	0	14	0	0	11	2	0	0	1	0	0	0	0	35	0	12	1	4	8	1	3	83	10	3	0	5
zOTU1944:Hahellaceae (unclassified)	0	1	0	0	0	0	0	0	1	2	0	0	0	1	0	0	0	1	4	3	1	0	0	32	0	0	0	0	0	1	1	1	2	2	0	3	12	4	3	0	34	71	6	1	1
